Timestep  Iteration  resNorm(0)  resNorm(1)  
1  1  inf  1.0000000000000000  
1  2  1.0000000000000000  0.5000000000000000  
1  3  0.4988924738125725  0.0216838858193351  
1  4  0.0120290172576706  0.0015988862404451  
1  5  0.0000713291414611  0.0008084766315866  
2  1  0.3846127303800598  1.0871455822109986  
2  2  0.0585814829608527  0.0276350822210413  
2  3  0.0110787749297263  0.0123432662412136  
2  4  0.0023456187985541  0.0005052338747387  
2  5  0.0001961097931544  0.0000816157453429  
3  1  1.1410264212999104  0.5755209381149532  
3  2  0.0208218306359913  0.0229029848484596  
3  3  0.0042470707156365  0.0031539972001325  
3  4  0.0006169660424554  0.0003894824489399  
4  1  1.8527889797502164  0.0331192511339949  
4  2  0.0240993145338944  0.0495889368336152  
4  3  0.0057405977731887  0.0186575565240629  
4  4  0.0007191281629341  0.0008038383105198  
5  1  1.0715083205918254  0.0158459283627674  
5  2  0.0126218066320030  0.0489757581208484  
5  3  0.0062049158310377  0.0069442628751518  
5  4  0.0006704138727840  0.0003318732643644  
6  1  1.0765278282157533  0.0322967265486748  
6  2  0.0103625178788865  0.0306118895183454  
6  3  0.0008701299146633  0.0035824577931682  
6  4  0.0000699282138631  0.0001667424277645  
7  1  0.6665389401871361  0.1192977256308165  
7  2  0.0199008271234980  0.0513189036561083  
7  3  0.0006771844927809  0.0029311810441081  
7  4  0.0001326088288297  0.0002541580312501  
8  1  0.5887255267181140  0.0882890200317757  
8  2  0.0056668842202590  0.0227824298835027  
8  3  0.0009732794288789  0.0025511659621787  
8  4  0.0002637367324724  0.0002792124222385  
9  1  0.3914938857479914  0.0560478191265075  
9  2  0.0080020528733745  0.0318654940912248  
9  3  0.0005432655637258  0.0028339785640860  
9  4  0.0002075892574965  0.0004740927599803  
10  1  0.6080825407262601  0.0101372534673166  
10  2  0.0016622069171159  0.0242175188094430  
10  3  0.0005879397619464  0.0041018598537340  
10  4  0.0000580579143253  0.0000526652226940  
11  1  0.4941490907677578  0.0278643431036043  
11  2  0.0050348803834915  0.0451518072831853  
11  3  0.0001862463074771  0.0013175558051042  
11  4  0.0000190991920451  0.0000269819079793  
12  1  0.2258692671912109  0.0246833962874735  
12  2  0.0007451509921572  0.0274666228060889  
12  3  0.0000794669012570  0.0009725313331081  
13  1  0.3228785321577557  0.0181372857696329  
13  2  0.0004974994871895  0.0405935685589617  
13  3  0.0000411545561095  0.0013676378842785  
13  4  0.0000020902191583  0.0000221250188088  
14  1  0.2546769834140890  0.0222314289166678  
14  2  0.0005572829749119  0.0245557799475110  
14  3  0.0001215965238875  0.0015336945939462  
14  4  0.0000037920742975  0.0000913575023432  
15  1  0.1771402086399334  0.0213624350581794  
15  2  0.0002513792474110  0.0154984907962065  
15  3  0.0000442140169255  0.0004667927106555  
16  1  0.2783689730031900  0.0116886659919443  
16  2  0.0006457287792159  0.0110309739169411  
16  3  0.0000291948978071  0.0005678651972557  
17  1  0.1899305653286776  0.0203206660872213  
17  2  0.0000834526662159  0.0056029954490296  
17  3  0.0000264135524586  0.0001650378682109  
18  1  0.1243146186289581  0.0211800928460622  
18  2  0.0002709783508600  0.0043780102196009  
18  3  0.0000456231503937  0.0001818904688635  
19  1  0.1744551026890412  0.0118501405229251  
19  2  0.0001394042210738  0.0043395405923090  
19  3  0.0000408270341387  0.0004273920399323  
20  1  0.1396869184388409  0.0150515808589559  
20  2  0.0001572048935589  0.0050208885948878  
20  3  0.0000303378549321  0.0000749560419403  
21  1  0.1115437944222918  0.0225561994549000  
21  2  0.0002394114797723  0.0049640889687406  
21  3  0.0000551534270625  0.0001426761849136  
22  1  0.1508415677765963  0.0293187903549730  
22  2  0.0001802223201804  0.0046144721229791  
22  3  0.0000806073903047  0.0001802877745210  
23  1  0.0967002530516562  0.0216270144601803  
23  2  0.0003853248549609  0.0069072927187614  
23  3  0.0000939806419697  0.0000803202968166  
24  1  0.0879358180640495  0.0237335089490678  
24  2  0.0003106403316381  0.0095859030378756  
24  3  0.0001857960470786  0.0002751561158189  
25  1  0.1084244858890786  0.0167292220755087  
25  2  0.0001694040225680  0.0084383273349943  
25  3  0.0000725935419939  0.0004677590500774  
26  1  0.0690928689084888  0.0135430683337655  
26  2  0.0002092947694262  0.0084433684019493  
26  3  0.0002311492247916  0.0005458679573024  
27  1  0.0900378526800843  0.0088893822573298  
27  2  0.0000787682662534  0.0027345840487998  
27  3  0.0000181457603119  0.0004371645712121  
28  1  0.0812517549327940  0.0063484973992268  
28  2  0.0001277589506152  0.0085018016115672  
28  3  0.0000269626363201  0.0003110152507966  
29  1  0.0613206341160657  0.0097248802096043  
29  2  0.0001763875073526  0.0060208554906634  
29  3  0.0000464847656547  0.0004640693796782  
30  1  0.0765692117516096  0.0102903965657794  
30  2  0.0001241071157655  0.0066313480106039  
30  3  0.0000285446973262  0.0002692388402387  
31  1  0.0567464429719014  0.0158181949108780  
31  2  0.0002222686170918  0.0013506034343605  
31  3  0.0000224199944605  0.0000842698107936  
32  1  0.0684821742950611  0.0126716861984960  
32  2  0.0000798261521217  0.0033912324261493  
32  3  0.0000378030076060  0.0005893518352509  
33  1  0.0635421324039071  0.0125139097813949  
33  2  0.0000748968039867  0.0045811325076593  
33  3  0.0000661813707958  0.0001995769926690  
34  1  0.0485225546139445  0.0078591417753008  
34  2  0.0001288910984635  0.0056202571009593  
34  3  0.0000532947226548  0.0003167192854652  
35  1  0.0600819096297616  0.0037329366776960  
35  2  0.0000358269444649  0.0044410276070373  
35  3  0.0000173994291946  0.0002945216448048  
36  1  0.0484638140662833  0.0048595425985305  
36  2  0.0000457880831492  0.0012335208288176  
36  3  0.0000206697330551  0.0000950752798845  
37  1  0.0441614201819233  0.0077028689298646  
37  2  0.0000115367260054  0.0020208477442198  
37  3  0.0000258916515393  0.0000671409650054  
38  1  0.0528576207599350  0.0099055834540409  
38  2  0.0000600459056818  0.0037469362700666  
38  3  0.0000072651769984  0.0000527708885732  
39  1  0.0390315613371014  0.0121874492517047  
39  2  0.0000310642122335  0.0034863891994405  
39  3  0.0000264742582593  0.0000823808728456  
40  1  0.0379461175392539  0.0117094954632363  
40  2  0.0000351226894707  0.0021745265856043  
40  3  0.0000426743452688  0.0000477518223360  
41  1  0.0424350716078752  0.0065198004641045  
41  2  0.0000310462111870  0.0022080894846820  
41  3  0.0000256919807526  0.0001746728938594  
42  1  0.0320566589442207  0.0060560324939374  
42  2  0.0000355831838580  0.0018714970000322  
42  3  0.0000185530794091  0.0001107664364222  
43  1  0.0400299486065766  0.0037533169057550  
43  2  0.0000221654756347  0.0014987030658569  
43  3  0.0000126717794774  0.0003497589399100  
44  1  0.0332027704155680  0.0057430105705265  
44  2  0.0000445938752221  0.0028197750556081  
44  3  0.0000285383935591  0.0002324601204717  
45  1  0.0322020977090295  0.0082373439568342  
45  2  0.0000398526350516  0.0013320241092554  
45  3  0.0000096073690177  0.0000467751250107  
46  1  0.0294203381526187  0.0408696353998783  
46  2  0.0004950735027479  0.0014686000059070  
46  3  0.0000320022184503  0.0001535747836740  
47  1  0.0312708410552490  0.0393689296972406  
47  2  0.0007477324911153  0.0054926449740175  
47  3  0.0000629351710725  0.0003660133546804  
48  1  0.0201304232582209  0.0227828499707849  
48  2  0.0003896493642124  0.0042296831245103  
48  3  0.0000470863469673  0.0001351628659010  
49  1  0.0282593498925319  0.0189934199264616  
49  2  0.0002165372440084  0.0029449516707546  
49  3  0.0000711619729172  0.0001582795469815  
50  1  0.0225898648595012  0.0084204129032966  
50  2  0.0000878844369523  0.0045421003751334  
50  3  0.0000315301239993  0.0001322808176590  
51  1  0.0228544011966111  0.0113809344049938  
51  2  0.0000813194771491  0.0026557973140521  
51  3  0.0000171889321287  0.0000488157877994  
52  1  0.0258918489665274  0.0083418853155391  
52  2  0.0000287967398031  0.0033330436747097  
52  3  0.0000150978918773  0.0000956992071516  
53  1  0.0170749893955220  0.0104590901499663  
53  2  0.0000712578421642  0.0023188597680896  
53  3  0.0000447015980542  0.0002234036840969  
54  1  0.0224124390879037  0.0083510517392189  
54  2  0.0000540336533141  0.0027954676835680  
54  3  0.0000225275583738  0.0001397470129543  
55  1  0.0185508919970374  0.0074526861379224  
55  2  0.0000477379994524  0.0021839204578482  
55  3  0.0000144093432573  0.0000996155087788  
56  1  0.0172557704604700  0.0061817998778648  
56  2  0.0000270924748558  0.0019907323311196  
56  3  0.0000086611707585  0.0000644162552672  
57  1  0.0185271659357549  0.0060993209888407  
57  2  0.0000186685744169  0.0018203500661855  
57  3  0.0000148669470743  0.0000567841637767  
58  1  0.0165039193141887  0.0065323918127924  
58  2  0.0000314624832660  0.0018352188787100  
58  3  0.0000114143903820  0.0001160379187199  
59  1  0.0153405254995085  0.0100420672500224  
59  2  0.0000172378201831  0.0008236544974195  
60  1  0.0160372679501195  0.0089103388090429  
60  2  0.0000465618981338  0.0006670064051136  
61  1  0.0156336557977206  0.0093940589018997  
61  2  0.0000480788555882  0.0010830177628743  
61  3  0.0000105981365873  0.0000726512569319  
62  1  0.0150377157666051  0.0086431309275161  
62  2  0.0000674663855354  0.0008710294249385  
63  1  0.0153867873998345  0.0037456417757621  
63  2  0.0000270905563581  0.0016885514194908  
63  3  0.0000305343460038  0.0005115345403787  
64  1  0.0152594546887114  0.0042612028847681  
64  2  0.0000221927803289  0.0008015191737368  
65  1  0.0121856858866897  0.0055213966496966  
65  2  0.0000304549236574  0.0012262208181040  
65  3  0.0000124518975528  0.0000605591616643  
66  1  0.0155185320356679  0.0068163290208958  
66  2  0.0000494916634070  0.0013496621065770  
66  3  0.0000155849446292  0.0001196406130397  
67  1  0.0110982731937736  0.0093266181401181  
67  2  0.0000327456579582  0.0015384661743579  
67  3  0.0000125428222502  0.0000637354951699  
68  1  0.0132793797362247  0.0091613744737141  
68  2  0.0000571089247436  0.0016066861171064  
68  3  0.0000244744535354  0.0001426903519967  
69  1  0.0139808453972584  0.0067931074476405  
69  2  0.0000309949578915  0.0013627751922660  
69  3  0.0000219850276162  0.0001595964870974  
70  1  0.0106966325829869  0.0059898042415791  
70  2  0.0000221458753016  0.0008525868348944  
71  1  0.0143214276386865  0.0053985959173498  
71  2  0.0000319855687551  0.0015178533097234  
71  3  0.0000150670536232  0.0000698053483963  
72  1  0.0121542294425832  0.0065178517981285  
72  2  0.0000162040097928  0.0007497170919137  
73  1  0.0089507805567218  0.0056478428662306  
73  2  0.0000354832023633  0.0015582629547409  
73  3  0.0000149430161355  0.0000875947422554  
74  1  0.0133803365225868  0.0043830229112885  
74  2  0.0000179464183242  0.0008992096079517  
75  1  0.0082746285683294  0.0072041436657323  
75  2  0.0000219639017930  0.0007329356569087  
76  1  0.0106912105921781  0.0072321533359271  
76  2  0.0000376666409570  0.0011186021824020  
76  3  0.0000109607734862  0.0001020893499521  
77  1  0.0098558225584934  0.0040519874679035  
77  2  0.0000234744838180  0.0011948775158160  
77  3  0.0000087481975336  0.0001055235574133  
78  1  0.0078134786188388  0.0054839450127899  
78  2  0.0000204259241792  0.0006232497320298  
79  1  0.0103557191007347  0.0046862314495457  
79  2  0.0000154699291542  0.0013017465335179  
79  3  0.0000089225269575  0.0000891876236549  
80  1  0.0092253279719098  0.0048612467479495  
80  2  0.0000325016686309  0.0008245069060819  
81  1  0.0087839939301803  0.0063034066137801  
81  2  0.0000245696809971  0.0007800059241223  
82  1  0.0103763208792824  0.0051005813571764  
82  2  0.0000181350321575  0.0008024409840448  
83  1  0.0076975443722501  0.0061852023561136  
83  2  0.0000327354048815  0.0015426214879926  
83  3  0.0000292498784612  0.0001755007686720  
84  1  0.0091876254200199  0.0048903686610223  
84  2  0.0000155374784742  0.0010940386593507  
84  3  0.0000128694462625  0.0001840500342613  
85  1  0.0078898003084922  0.0019582679919561  
85  2  0.0000201554944797  0.0009849527715491  
86  1  0.0065586660778350  0.0037710131391448  
86  2  0.0000289370609455  0.0009267126397567  
87  1  0.0080929114847455  0.0051627858944386  
87  2  0.0000245175255935  0.0008769634048261  
88  1  0.0075531763046501  0.0054531598114672  
88  2  0.0000478783675223  0.0013931734184856  
88  3  0.0000180796374433  0.0001208328157842  
89  1  0.0067353509379969  0.0050768310401667  
89  2  0.0000221644534936  0.0013708585457085  
89  3  0.0000095038163281  0.0000891486603915  
90  1  0.0078288735145043  0.0034808874120834  
90  2  0.0000167318340039  0.0017210070241001  
90  3  0.0000118408238130  0.0001913266135770  
91  1  0.0074891292743287  0.0021492528811117  
91  2  0.0000111427109653  0.0021379070336047  
91  3  0.0000096618193903  0.0005084123118203  
92  1  0.0063932378926452  0.0041702806637846  
92  2  0.0000106792668067  0.0014265651681448  
92  3  0.0000052336065290  0.0000682061515999  
93  1  0.0085713492230933  0.0019514737686508  
93  2  0.0000065029147113  0.0014148065086888  
93  3  0.0000047432347240  0.0001644255713866  
94  1  0.0067495632808661  0.0045286722315470  
94  2  0.0000188015997656  0.0008064728897660  
95  1  0.0071973325124118  0.0073303234168116  
95  2  0.0000201734992167  0.0008476668597291  
96  1  0.0076596024267109  0.0061119740672930  
96  2  0.0000273926241535  0.0011458984997754  
96  3  0.0000209688515767  0.0001546566312281  
97  1  0.0048319559551799  0.0045166773188506  
97  2  0.0000151957744724  0.0004545897372811  
98  1  0.0077732498778255  0.0029582525767033  
98  2  0.0000070104741885  0.0012411524441614  
98  3  0.0000055269272564  0.0000620597943017  
99  1  0.0058593871329663  0.0014286100632187  
99  2  0.0000050301973675  0.0014600943868957  
99  3  0.0000036349262722  0.0001413689917705  
100  1  0.0061247623621566  0.0027079213152920  
100  2  0.0000124403040942  0.0011830272883989  
100  3  0.0000075374866694  0.0001349670451971  
101  1  0.0072111914190174  0.0024291504408326  
101  2  0.0000048709398538  0.0006128501121026  
102  1  0.0049636057314986  0.0039942768368099  
102  2  0.0000098500865946  0.0007588404196252  
103  1  0.0062526699585301  0.0055047957398118  
103  2  0.0000226055183792  0.0006871252332308  
104  1  0.0059771246597005  0.0047864169361659  
104  2  0.0000205214639130  0.0015069382423969  
104  3  0.0000221565247809  0.0001543553083936  
105  1  0.0047247786132091  0.0032045302877977  
105  2  0.0000135697001961  0.0007784833917560  
106  1  0.0065532918499742  0.0031288354378536  
106  2  0.0000087708899910  0.0005744859442020  
107  1  0.0052886961754551  0.0031806654880254  
107  2  0.0000188211816443  0.0005862366460425  
108  1  0.0050147812429743  0.0034883714798020  
108  2  0.0000138369182185  0.0007801492298658  
109  1  0.0055167208778500  0.0038724155011775  
109  2  0.0000134968844799  0.0009443379624693  
110  1  0.0056241403400680  0.0026492287443382  
110  2  0.0000127112963212  0.0004623950782089  
111  1  0.0054486915232562  0.0047719029736362  
111  2  0.0000200700102060  0.0006573541001377  
112  1  0.0053749731302173  0.0050861300611861  
112  2  0.0000240388352202  0.0009153983461239  
113  1  0.0054348669962451  0.0025794062673080  
113  2  0.0000155113545970  0.0009770618759198  
114  1  0.0054856612887327  0.0039420300870086  
114  2  0.0000241271713424  0.0007337085497152  
115  1  0.0051611290518292  0.0039624565223271  
115  2  0.0000211500254395  0.0006109586842288  
116  1  0.0039426396003084  0.0036913937567770  
116  2  0.0000220505859594  0.0009681588028785  
117  1  0.0052976305228927  0.0034920066150697  
117  2  0.0000213447408073  0.0010810407589105  
117  3  0.0000166546545073  0.0002847095266675  
118  1  0.0050011405505522  0.0023437641076862  
118  2  0.0000125798055145  0.0011841749411240  
118  3  0.0000106086682612  0.0004901274442750  
119  1  0.0042013884920266  0.0035002189580580  
119  2  0.0000179538174556  0.0007328994945571  
120  1  0.0056756370887059  0.0039558471006579  
120  2  0.0000123404723432  0.0010534101587260  
120  3  0.0000103443569468  0.0002532956345329  
121  1  0.0043062270980421  0.0018407969594782  
121  2  0.0000089716847131  0.0012126709937472  
121  3  0.0000066406219693  0.0003362783953055  
122  1  0.0045400049364332  0.0031297635542678  
122  2  0.0000082787540201  0.0008304320726282  
123  1  0.0051343791064194  0.0047302418891890  
123  2  0.0000098709633388  0.0008277539244377  
124  1  0.0030554249315257  0.0038134033890552  
124  2  0.0000224070037576  0.0009172951700271  
125  1  0.0047278254921832  0.0030941664144257  
125  2  0.0000104758819460  0.0006099464179136  
126  1  0.0049950419306823  0.0019301338561410  
126  2  0.0000076234355248  0.0011669272214574  
126  3  0.0000047594582952  0.0001798033554566  
127  1  0.0034553177374286  0.0023779773768627  
127  2  0.0000165914601257  0.0020493087907194  
127  3  0.0000067469483098  0.0001888991926228  
128  1  0.0042272778926556  0.0036546246796987  
128  2  0.0000145946254333  0.0006610150016993  
129  1  0.0043460616422747  0.0018226702763796  
129  2  0.0000081544384708  0.0005807092588544  
130  1  0.0040223530681904  0.0027301658671739  
130  2  0.0000098534490075  0.0006642241947635  
131  1  0.0048411784098593  0.0048961235056344  
131  2  0.0000172923003011  0.0011985063358834  
131  3  0.0000067923023825  0.0000257817922429  
132  1  0.0043038439809650  0.0039582621027433  
132  2  0.0000108908043444  0.0003012373885722  
133  1  0.0039741358141830  0.0025347923248472  
133  2  0.0000125171369351  0.0010360324769634  
133  3  0.0000096223581920  0.0001368110488175  
134  1  0.0046660902163507  0.0019311489384621  
134  2  0.0000061623150167  0.0007117988373958  
135  1  0.0034412435578014  0.0009740227845699  
135  2  0.0000043396714769  0.0010761331840927  
135  3  0.0000046988898177  0.0004756853895437  
136  1  0.0039721818211842  0.0020057879579457  
136  2  0.0000064331881317  0.0008069307867030  
137  1  0.0048621336455761  0.0015266941994858  
137  2  0.0000060196100184  0.0005631864876403  
138  1  0.0024656256169905  0.0028917776425410  
138  2  0.0000142767913434  0.0006154542389937  
139  1  0.0051493591812671  0.0049540840456487  
139  2  0.0000217097950132  0.0008163930192896  
140  1  0.0040221424438877  0.0044095720443091  
140  2  0.0000157154795695  0.0005402303757767  
141  1  0.0037600650623756  0.0019623190120757  
141  2  0.0000123136652198  0.0003937495582113  
142  1  0.0064585628936485  0.0022446137563898  
142  2  0.0000051910066133  0.0009787220777376  
143  1  0.0029429843174998  0.0024273077645481  
143  2  0.0000162210997341  0.0003248477287250  
144  1  0.0045644347483769  0.0010376776590285  
144  2  0.0000069417681276  0.0009728133433651  
145  1  0.0053179781560877  0.0017630131303386  
145  2  0.0000062806501246  0.0014246509988488  
145  3  0.0000053573295056  0.0002441415913581  
146  1  0.0019968317065943  0.0025563667560571  
146  2  0.0000172240071984  0.0005707518639300  
147  1  0.0042625093879294  0.0038910966322028  
147  2  0.0000066540453290  0.0005452589865374  
148  1  0.0030451236367921  0.0039578865961747  
148  2  0.0000128751886437  0.0006463484084387  
149  1  0.0033422562201439  0.0015048733639881  
149  2  0.0000088990423954  0.0007869344869453  
150  1  0.0049053789017244  0.0023388560135516  
150  2  0.0000160920891547  0.0006663580381922  
151  1  0.0026672490855037  0.0032172623217192  
151  2  0.0000191276107037  0.0008838865824130  
152  1  0.0039531094245055  0.0020881683133264  
152  2  0.0000086205876853  0.0008436132312421  
153  1  0.0044383382107440  0.0018894081605483  
153  2  0.0000200667396115  0.0010276454019473  
153  3  0.0000048348878505  0.0002173090871694  
154  1  0.0020321630081327  0.0016420929874631  
154  2  0.0000180541753361  0.0014685105314742  
154  3  0.0000086029790201  0.0005002193676161  
155  1  0.0036692956634752  0.0018909317976177  
155  2  0.0000059186772466  0.0009238962360113  
156  1  0.0032890816012975  0.0025433714436703  
156  2  0.0000130332754139  0.0009532002260743  
157  1  0.0019692700157447  0.0010725561947533  
157  2  0.0000090357325559  0.0014941343893832  
157  3  0.0000126998296985  0.0005937915588041  
158  1  0.0040378828996863  0.0020140427994822  
158  2  0.0000071589835517  0.0016630616796389  
158  3  0.0000050952159831  0.0001950073078304  
159  1  0.0032196833461205  0.0032790503471961  
159  2  0.0000075692864702  0.0009688117219911  
160  1  0.0024454325066976  0.0021692070868437  
160  2  0.0000118066852296  0.0007840931952410  
161  1  0.0040031008201306  0.0023412276399539  
161  2  0.0000075074032510  0.0009148142895823  
162  1  0.0028620673298145  0.0022174664323034  
162  2  0.0000135525286954  0.0010798363218013  
162  3  0.0000071708331877  0.0001636102372976  
163  1  0.0032156629199736  0.0015036444254657  
163  2  0.0000052911902556  0.0006939998959543  
164  1  0.0041885297092654  0.0019039737986264  
164  2  0.0000061430863021  0.0008921534585012  
165  1  0.0030316342105560  0.0014988408902841  
165  2  0.0000095515555261  0.0017694546434729  
165  3  0.0000058923213402  0.0004553421966427  
166  1  0.0037184170951420  0.0016706938564631  
166  2  0.0000073580492305  0.0007703990767440  
167  1  0.0030319297100004  0.0027240938532105  
167  2  0.0000126948829299  0.0003761623762894  
168  1  0.0027303997923205  0.0020033557461770  
168  2  0.0000180205706863  0.0004985147220378  
169  1  0.0043299002605542  0.0013782147991706  
169  2  0.0000128788397938  0.0005890615354300  
170  1  0.0029480441600903  0.0012872599820132  
170  2  0.0000091181345674  0.0007741602183216  
171  1  0.0026906418617227  0.0009779790093347  
171  2  0.0000108597679837  0.0010357711802665  
171  3  0.0000136691712685  0.0003280304587644  
172  1  0.0035571926100328  0.0024553846754202  
172  2  0.0000094954497763  0.0006306611658635  
173  1  0.0022162873037374  0.0015816477847635  
173  2  0.0000121671713856  0.0008339067183478  
174  1  0.0034889816009579  0.0015056675764269  
174  2  0.0000122835189960  0.0004115060629712  
175  1  0.0037007842948977  0.0027806000937461  
175  2  0.0000187532518682  0.0005411146289571  
176  1  0.0022885724186132  0.0026429416776087  
176  2  0.0000242745528740  0.0002984054737176  
177  1  0.0032089431346207  0.0009755467463706  
177  2  0.0000075567963583  0.0007059712484101  
178  1  0.0029201462186713  0.0010745561229620  
178  2  0.0000096738168165  0.0005538961178010  
179  1  0.0026202335442904  0.0013251429064584  
179  2  0.0000086777271460  0.0009653843508721  
180  1  0.0041319806517213  0.0013326560514879  
180  2  0.0000121930383297  0.0012422009650962  
180  3  0.0000134833820764  0.0005150782170035  
181  1  0.0038480444144072  0.0012725756230723  
181  2  0.0000153073662666  0.0008294605519475  
182  1  0.0030835484067777  0.0013872651129725  
182  2  0.0000102023420623  0.0006200740468521  
183  1  0.0036720248992184  0.0025978253271536  
183  2  0.0000141454105338  0.0009474077811931  
184  1  0.0027976551248647  0.0022309004943397  
184  2  0.0000165375870902  0.0015337512060875  
184  3  0.0000288791770815  0.0003051476397482  
185  1  0.0031576534985352  0.0003225271826514  
185  2  0.0000067732188097  0.0012762144048955  
185  3  0.0000066676392210  0.0008864274320563  
186  1  0.0036947185762483  0.0015510869921556  
186  2  0.0000061912355476  0.0009880232812705  
187  1  0.0018920962776889  0.0019147867669589  
187  2  0.0000188516310051  0.0008635099808464  
188  1  0.0030705412290194  0.0013555591854213  
188  2  0.0000161043203728  0.0008876799189163  
189  1  0.0031546855990786  0.0011109620835009  
189  2  0.0000122408964209  0.0008853934131764  
190  1  0.0033481166430920  0.0017580627532998  
190  2  0.0000134347747652  0.0011147754857150  
190  3  0.0000065296433381  0.0002059837484697  
191  1  0.0042199751266108  0.0022949287290127  
191  2  0.0000163790046830  0.0011754288689471  
191  3  0.0000100354194703  0.0003769724252123  
192  1  0.0026304757205115  0.0014696903832657  
192  2  0.0000082065041686  0.0005498541071609  
193  1  0.0034275111095435  0.0010619208247816  
193  2  0.0000091592659077  0.0003924456977908  
194  1  0.0042300388942448  0.0015421804495849  
194  2  0.0000122742503168  0.0007337666653076  
195  1  0.0028198736483619  0.0023375440518302  
195  2  0.0000158721789790  0.0004288865600125  
196  1  0.0037271285736149  0.0014371650786526  
196  2  0.0000090937349731  0.0004534998545497  
197  1  0.0038115217861399  0.0007537138414358  
197  2  0.0000064592846991  0.0007600059872119  
198  1  0.0022110674058388  0.0015254337245953  
198  2  0.0000182676942896  0.0005095779929214  
199  1  0.0030497495488212  0.0008882702079862  
199  2  0.0000136458549822  0.0003845450941240  
200  1  0.0030712064267366  0.0008584283163504  
200  2  0.0000116031261941  0.0009096799749481  
201  1  0.0024369581845859  0.0011888098261847  
201  2  0.0000166858834608  0.0006328080369724  
202  1  0.0034415696343557  0.0015699377852017  
202  2  0.0000151556851502  0.0005593688520070  
203  1  0.0032372097028991  0.0015630702103292  
203  2  0.0000169672195487  0.0005958606725297  
204  1  0.0033488264698017  0.0011908424253684  
204  2  0.0000187538137617  0.0017253059791716  
204  3  0.0000190028694887  0.0007022589931101  
205  1  0.0035582942443649  0.0008523448089979  
205  2  0.0000125322772002  0.0007452344055094  
206  1  0.0026753763097842  0.0012149993983942  
206  2  0.0000266410539782  0.0005863961027950  
207  1  0.0035207618516623  0.0015708239272636  
207  2  0.0000192415519700  0.0003991164314628  
208  1  0.0033707039448517  0.0005218206997526  
208  2  0.0000101008320089  0.0009308745414070  
209  1  0.0022419420026424  0.0013511873775264  
209  2  0.0000158849573177  0.0004564800919822  
210  1  0.0041541769058943  0.0014747204933083  
210  2  0.0000202089436181  0.0008164371624425  
211  1  0.0040981887949238  0.0011201541754703  
211  2  0.0000165154561744  0.0004737640248042  
212  1  0.0035567510813251  0.0009582273054274  
212  2  0.0000116075606972  0.0008311781720233  
213  1  0.0044238458424602  0.0009367464454514  
213  2  0.0000113859449561  0.0011659654513400  
213  3  0.0000124623411410  0.0005109161332086  
214  1  0.0032179918219659  0.0018085592668162  
214  2  0.0000242370672574  0.0009422909669285  
215  1  0.0030098561295243  0.0015106186388441  
215  2  0.0000201474122504  0.0005705499742206  
216  1  0.0040185514856897  0.0014064540055730  
216  2  0.0000132687596290  0.0007033935034781  
217  1  0.0032615683226793  0.0012886521531339  
217  2  0.0000261868171908  0.0008533935681350  
218  1  0.0043197092357938  0.0010762273385789  
218  2  0.0000186568603808  0.0008389973860491  
219  1  0.0042700882993915  0.0006882015129549  
219  2  0.0000203858247535  0.0009095704552630  
220  1  0.0028842392175876  0.0010284515341256  
220  2  0.0000208306886413  0.0005642487022331  
221  1  0.0041803265128159  0.0008110951890929  
221  2  0.0000102076030929  0.0009845126478046  
222  1  0.0042747714144438  0.0010022328637609  
222  2  0.0000144941387782  0.0007769089613389  
223  1  0.0039132406799353  0.0013384175116828  
223  2  0.0000324889702040  0.0007183021563839  
224  1  0.0045941745823576  0.0008241304728120  
224  2  0.0000239828437946  0.0012192338671500  
224  3  0.0000252323436629  0.0007020081848508  
225  1  0.0040749251665597  0.0006747664025370  
225  2  0.0000164996658893  0.0005140719565018  
226  1  0.0039853740044074  0.0004709262766445  
226  2  0.0000176564297633  0.0004322242077572  
227  1  0.0042548925768935  0.0011278058335983  
227  2  0.0000306541636147  0.0004384438606120  
228  1  0.0042133766982384  0.0010598781194612  
228  2  0.0000479418996895  0.0003274376421668  
229  1  0.0052797138313813  0.0013283513005746  
229  2  0.0000195762823510  0.0006480489111546  
230  1  0.0047500190352614  0.0015722469984454  
230  2  0.0000278588058315  0.0005144826076731  
231  1  0.0037479773802672  0.0007983073566681  
231  2  0.0000216542738221  0.0004174220715416  
232  1  0.0053452082095012  0.0006591321238018  
232  2  0.0000228848918178  0.0006952405708661  
233  1  0.0042029522296471  0.0005315878959061  
233  2  0.0000333559970325  0.0010244936093147  
233  3  0.0000276879512325  0.0005050403179355  
234  1  0.0039316316431240  0.0013715493473443  
234  2  0.0000273765992040  0.0002753613157634  
235  1  0.0067184034755143  0.0007297337272295  
235  2  0.0000337538138266  0.0004120902466251  
236  1  0.0058365268887021  0.0008401961096678  
236  2  0.0000224357140019  0.0004724875730142  
237  1  0.0054181740468489  0.0011344562010557  
237  2  0.0000563985701538  0.0007589439589587  
238  1  0.0059757425463445  0.0005045655251729  
238  2  0.0000377463876479  0.0004106829588565  
239  1  0.0048702946103277  0.0009260034889945  
239  2  0.0000291596899030  0.0002446595330125  
240  1  0.0061003109160516  0.0006646203682303  
240  2  0.0000185543194201  0.0007546244329301  
241  1  0.0070522823999755  0.0010737706989594  
241  2  0.0000487547457119  0.0007873279413535  
242  1  0.0073975735677288  0.0011581783457028  
242  2  0.0000429894333602  0.0004700978625981  
243  1  0.0087750556047595  0.0007739043617827  
243  2  0.0000518069374328  0.0005311788900896  
244  1  0.0093357601733573  0.0004839946114241  
244  2  0.0000235606331429  0.0006134115724373  
245  1  0.0120416440069055  0.0008317722313507  
245  2  0.0000399763011170  0.0007403621302978  
246  1  0.0120603576845071  0.0008964908044934  
246  2  0.0000613431078850  0.0005353082600387  
247  1  0.0075187928404581  0.0006415690871194  
247  2  0.0000533190161151  0.0007867077214652  
248  1  0.0076070774785489  0.0008367030992067  
248  2  0.0001037410002429  0.0009993651433801  
249  1  0.0109691980172247  0.0009901792591330  
249  2  0.0000818481823350  0.0002875224862916  
250  1  0.0114345875875667  0.0006930326211515  
250  2  0.0000539512309823  0.0006176848105780  
251  1  0.0117551277130577  0.0005584977584098  
251  2  0.0000287048613302  0.0007861929710546  
252  1  0.0101819690668498  0.0008303499696125  
252  2  0.0000855020141046  0.0007301054666048  
253  1  0.0092308872163508  0.0007050202482277  
253  2  0.0001010333342777  0.0009682309875706  
254  1  0.0112323949848417  0.0004264836471444  
254  2  0.0000335422124206  0.0010740933647794  
254  3  0.0000577291935160  0.0008661195839053  
255  1  0.0122191554519438  0.0008033246867100  
255  2  0.0000811156003172  0.0005681866056360  
256  1  0.0126061526870687  0.0009268371817457  
256  2  0.0000643384497106  0.0008821695049538  
257  1  0.0122608446923603  0.0007481345102786  
257  2  0.0000797375209976  0.0009088874343267  
258  1  0.0112056854337581  0.0006747974873079  
258  2  0.0000516801496014  0.0004254368837262  
259  1  0.0155096029362419  0.0006977627538799  
259  2  0.0000927990499503  0.0005848035310352  
260  1  0.0183309185345843  0.0005003368549006  
260  2  0.0000874592372773  0.0013505015230987  
260  3  0.0001435573624126  0.0006111157588545  
261  1  0.0166797962979005  0.0005872982623829  
261  2  0.0001120632850750  0.0014925140468362  
261  3  0.0001119072863954  0.0009033678758654  
262  1  0.0183450669109546  0.0013684419229168  
262  2  0.0001569010312963  0.0002479383316962  
263  1  0.0213982602541311  0.0008413640684516  
263  2  0.0001075786758455  0.0003025358005631  
264  1  0.0259441923907930  0.0003967108401585  
264  2  0.0001424436302419  0.0004748991096194  
265  1  0.0335896297820316  0.0009371627623886  
265  2  0.0002135867463642  0.0003329103724559  
266  1  0.0347922335583872  0.0005172148560310  
266  2  0.0002326476230278  0.0002915985494423  
267  1  0.0341396530436244  0.0007318968113861  
267  2  0.0001491950430594  0.0001678742664330  
268  1  0.0388361704015005  0.0004778389375818  
268  2  0.0001301980508145  0.0003392135468184  
269  1  0.0390932822842339  0.0005683694335823  
269  2  0.0002813678625555  0.0002547166521062  
270  1  0.0427427909672021  0.0009013110029409  
270  2  0.0002257395288478  0.0003571571071182  
271  1  0.0329205988629382  0.0004313840511871  
271  2  0.0001199669306601  0.0004655033168616  
272  1  0.0291467922608084  0.0004662437585021  
272  2  0.0003010303515958  0.0005378738132644  
273  1  0.0323796737259347  0.0003459318906610  
273  2  0.0001205923817052  0.0006663767973385  
274  1  0.0234187681951803  0.0007615753773725  
274  2  0.0000856873240362  0.0001978198817130  
275  1  0.0188344395339804  0.0004159355946874  
275  2  0.0001139550244918  0.0003897698679384  
276  1  0.0262812384875148  0.0003690587422339  
276  2  0.0001432095093063  0.0006426915650056  
277  1  0.0233067296530030  0.0006914969729932  
277  2  0.0001253294604277  0.0003434883974306  
278  1  0.0178165718773303  0.0005935058397507  
278  2  0.0001028474397602  0.0002260769591782  
279  1  0.0140916006840314  0.0006250315991157  
279  2  0.0001123345672058  0.0001748809262176  
280  1  0.0094905724540266  0.0004132511911452  
280  2  0.0001070390702783  0.0004915675997295  
281  1  0.0112610505837534  0.0006359336002366  
281  2  0.0001182209629221  0.0005234281228511  
282  1  0.0136412998547923  0.0006033068483695  
282  2  0.0000620922983992  0.0003240316140842  
283  1  0.0142118185712213  0.0003059509211844  
283  2  0.0000435161114172  0.0003237478508919  
284  1  0.0119042349537967  0.0005221038993012  
284  2  0.0000642508467875  0.0002508581829120  
285  1  0.0079514267424921  0.0005144057615584  
285  2  0.0000477097967737  0.0003638046169756  
286  1  0.0091797663547923  0.0003222060195517  
286  2  0.0000324658328641  0.0006910420746068  
287  1  0.0100246215962832  0.0007325313952119  
287  2  0.0000399022070958  0.0007438772063494  
288  1  0.0075502242166534  0.0006492965503338  
288  2  0.0000399785156317  0.0002700119499485  
289  1  0.0065340537188005  0.0006366845387415  
289  2  0.0000471861342794  0.0004418079290558  
290  1  0.0066484381464386  0.0004952959659360  
290  2  0.0000390959371842  0.0002476703865496  
291  1  0.0060640799515818  0.0005946563893191  
291  2  0.0000437384568289  0.0008511126058272  
292  1  0.0061893076183877  0.0012798467309164  
292  2  0.0000911512460780  0.0001692195102130  
293  1  0.0056102623775198  0.0007453171751133  
293  2  0.0000797762892240  0.0005306022410156  
294  1  0.0048534085508390  0.0010821517685824  
294  2  0.0000627580333048  0.0008425578360259  
295  1  0.0050915224587972  0.0013982268240979  
295  2  0.0000552543941271  0.0003330850915727  
296  1  0.0055636839560376  0.0003742979726232  
296  2  0.0000495964351482  0.0005634837807327  
297  1  0.0063944433680201  0.0004836701738747  
297  2  0.0000562878385996  0.0005184495181577  
298  1  0.0050421201322488  0.0004637772328231  
298  2  0.0000278582517287  0.0009412223321051  
299  1  0.0043068975968896  0.0009576488807973  
299  2  0.0000847454385653  0.0002488996956329  
300  1  0.0060499818331344  0.0003367344906900  
300  2  0.0000180734943141  0.0007466409940892  
301  1  0.0063723602724862  0.0002343867683898  
301  2  0.0000232585917553  0.0010376644997214  
301  3  0.0000292125159527  0.0007956814875313  
302  1  0.0043787496204766  0.0008791251155163  
302  2  0.0000549580191022  0.0004277438116602  
303  1  0.0041321230950698  0.0004568066829326  
303  2  0.0000210533235714  0.0005826364703333  
304  1  0.0052652179107446  0.0006711066792177  
304  2  0.0000311539855079  0.0007102109714680  
305  1  0.0049299352239902  0.0004865392896475  
305  2  0.0000316069648822  0.0004919340845083  
306  1  0.0038087692257721  0.0006289577918942  
306  2  0.0000234832723273  0.0006029601334303  
307  1  0.0040617900636074  0.0004841441793354  
307  2  0.0000379925551650  0.0008643662728534  
308  1  0.0049341799137886  0.0008685026055970  
308  2  0.0000232919142207  0.0005282874156580  
309  1  0.0051890744005897  0.0003963263946312  
309  2  0.0000259223690768  0.0004086337764856  
310  1  0.0052862162715211  0.0004140199756505  
310  2  0.0000309117089870  0.0014015365563740  
310  3  0.0000339615516257  0.0012299859542092  
310  4  0.0000371922662889  0.0006552372385159  
311  1  0.0041999344888429  0.0012806065075681  
311  2  0.0000597889119181  0.0003341484052787  
312  1  0.0022709068729430  0.0004542548521792  
312  2  0.0000384380061007  0.0003243648850364  
313  1  0.0033010753123686  0.0004818772986932  
313  2  0.0000348366828225  0.0004656304257834  
314  1  0.0049371856855416  0.0011562799650290  
314  2  0.0000252512867825  0.0001937595025558  
315  1  0.0050548003838191  0.0004335218334290  
315  2  0.0000158154563579  0.0005824916649957  
316  1  0.0045160615208197  0.0001891977595980  
316  2  0.0000124277720086  0.0013357124522053  
316  3  0.0000234203870787  0.0008811268730066  
317  1  0.0037827980978258  0.0005521549416614  
317  2  0.0000238242509568  0.0001876382430135  
318  1  0.0029332123283299  0.0010766578218818  
318  2  0.0000387048439402  0.0001375841098792  
319  1  0.0038263575546944  0.0003485612082341  
319  2  0.0000115832186694  0.0001970117177519  
320  1  0.0040876497360489  0.0002284933549805  
320  2  0.0000101387959795  0.0007372415663090  
321  1  0.0030069805352468  0.0008237015502593  
321  2  0.0000241734159822  0.0001034862467521  
322  1  0.0023595058495386  0.0004605306117703  
322  2  0.0000324530582389  0.0002963171746459  
323  1  0.0028919224808917  0.0004521118747824  
323  2  0.0000154265865288  0.0002313296827097  
324  1  0.0038366545151964  0.0008391717520642  
324  2  0.0000273086908693  0.0003425558105712  
325  1  0.0039326201892496  0.0002304734998712  
325  2  0.0000204624503804  0.0003263676923734  
326  1  0.0026853209373360  0.0003430909294712  
326  2  0.0000264525518035  0.0002254268255252  
327  1  0.0019794562432056  0.0005564041756793  
327  2  0.0000216069417767  0.0002039910809966  
328  1  0.0031111094531672  0.0003245593264780  
328  2  0.0000150147334716  0.0003628964179544  
329  1  0.0031945646271027  0.0002843743916242  
329  2  0.0000077208826233  0.0002034065118468  
330  1  0.0028256536181576  0.0003149531915665  
330  2  0.0000113706378619  0.0002263049990523  
331  1  0.0027542254925897  0.0005761173083206  
331  2  0.0000169597780277  0.0002644858304443  
332  1  0.0028204635518968  0.0004691315195958  
332  2  0.0000109054608376  0.0002641359998926  
333  1  0.0025568998508038  0.0002953804829637  
333  2  0.0000123580745555  0.0001440835903180  
334  1  0.0022135966767309  0.0005524453392159  
334  2  0.0000146429128397  0.0001671553818181  
335  1  0.0023295709370223  0.0003238074572603  
335  2  0.0000105090852841  0.0002837985171687  
336  1  0.0023642075648894  0.0002828045994908  
336  2  0.0000171207857071  0.0002184082161448  
337  1  0.0023222001200549  0.0003330372783057  
337  2  0.0000089920372413  0.0002296122786340  
338  1  0.0024124754511369  0.0001717975039504  
338  2  0.0000075464615529  0.0005118549859696  
339  1  0.0021056409310602  0.0003770117163130  
339  2  0.0000148296638027  0.0002402633276936  
340  1  0.0015661214323709  0.0003132568959579  
340  2  0.0000107581229257  0.0002174992204370  
341  1  0.0022338364402227  0.0003126919223856  
341  2  0.0000070756102156  0.0002599634696087  
342  1  0.0025912913247514  0.0002963883222533  
342  2  0.0000048702510687  0.0002531519832105  
343  1  0.0023209967525263  0.0005900846039623  
343  2  0.0000103560913975  0.0003164776007089  
344  1  0.0018413607242521  0.0004161909698673  
344  2  0.0000064328218864  0.0001037483804278  
345  1  0.0016085957861248  0.0002805770792206  
345  2  0.0000052069929576  0.0002922311911121  
346  1  0.0020325401984527  0.0002214886951629  
346  2  0.0000108323965441  0.0002195142081403  
347  1  0.0025948787701165  0.0002758793610974  
347  2  0.0000057084900667  0.0004292339292939  
348  1  0.0026071669784038  0.0004767033418032  
348  2  0.0000157467090102  0.0001908116564052  
349  1  0.0021254080634818  0.0002762345700098  
349  2  0.0000126793032175  0.0002187797322734  
350  1  0.0017356183918912  0.0002856757759082  
350  2  0.0000093678856481  0.0003045026747682  
351  1  0.0019311403358894  0.0003388459026316  
351  2  0.0000181887520640  0.0004061677534504  
352  1  0.0024279253665142  0.0003540246019902  
352  2  0.0000141109846073  0.0002389536495467  
353  1  0.0021917516717165  0.0003035683866582  
353  2  0.0000096868150565  0.0002415861028568  
354  1  0.0012775128553848  0.0002387764878732  
354  2  0.0000085393940584  0.0005653748244886  
355  1  0.0015262547074960  0.0003073615163689  
355  2  0.0000097021539148  0.0002385358378608  
356  1  0.0022062097306894  0.0005053662614814  
356  2  0.0000103340162719  0.0004382840031501  
357  1  0.0022719707158360  0.0007044480019232  
357  2  0.0000101008513237  0.0002445278779639  
358  1  0.0017049708535007  0.0003374035735481  
358  2  0.0000079606943666  0.0004913497382535  
359  1  0.0014279000487018  0.0004710334803779  
359  2  0.0000164123815974  0.0004957667701942  
360  1  0.0018210166673334  0.0003506448188238  
360  2  0.0000162035323707  0.0005125166396676  
361  1  0.0019431249430491  0.0003776441890219  
361  2  0.0000101344771997  0.0003443999575923  
362  1  0.0022370928870886  0.0003983643250140  
362  2  0.0000127661061665  0.0002360557307403  
363  1  0.0025670509791659  0.0005253200921923  
363  2  0.0000125138437239  0.0009268404654834  
364  1  0.0023349051075227  0.0009136597509164  
364  2  0.0000158987508549  0.0002254860504762  
365  1  0.0019238858211594  0.0003913704392724  
365  2  0.0000193511591796  0.0003563849755618  
366  1  0.0022312287620745  0.0002183608623269  
366  2  0.0000080812211839  0.0006076523232342  
367  1  0.0019885989659179  0.0003413131506292  
367  2  0.0000144819977847  0.0009017634134186  
368  1  0.0016419679812059  0.0004875331045922  
368  2  0.0000199133910930  0.0004229326390872  
369  1  0.0019264387745208  0.0004310277220982  
369  2  0.0000180094564852  0.0003143572112302  
370  1  0.0022278017368157  0.0002911430041761  
370  2  0.0000166218900737  0.0010544416490639  
370  3  0.0000166162918216  0.0009526484137115  
371  1  0.0018356184532365  0.0004638318395617  
371  2  0.0000159603498083  0.0001463726683988  
372  1  0.0014601976391596  0.0002482135745430  
372  2  0.0000082136926694  0.0005303063330315  
373  1  0.0019347162878768  0.0006292941165987  
373  2  0.0000210818077225  0.0004625394234715  
374  1  0.0021738742301250  0.0002885498718940  
374  2  0.0000177199644110  0.0008677402965909  
375  1  0.0023013457951090  0.0006655580026932  
375  2  0.0000157315139697  0.0006182545809288  
376  1  0.0023642685707951  0.0006526501027631  
376  2  0.0000211801097031  0.0007184218752018  
377  1  0.0019266927053215  0.0004167870984323  
377  2  0.0000083914247725  0.0004703669655758  
378  1  0.0017435550309575  0.0003997758799140  
378  2  0.0000136500749583  0.0002024127584187  
379  1  0.0028969195924075  0.0002405908922504  
379  2  0.0000164418680840  0.0010086925444397  
379  3  0.0000128814892028  0.0008938941468208  
380  1  0.0032490931590928  0.0007165670385707  
380  2  0.0000095781400143  0.0007024572930636  
381  1  0.0023999220987112  0.0002779833361993  
381  2  0.0000091890323808  0.0002025820947087  
382  1  0.0019328003268130  0.0002762711326972  
382  2  0.0000172409553709  0.0008030713780688  
383  1  0.0022559487061158  0.0006701894355942  
383  2  0.0000221481065145  0.0007356245230861  
384  1  0.0021546970774686  0.0004570966267482  
384  2  0.0000060078141311  0.0003487729303656  
385  1  0.0023808382890241  0.0003418091359421  
385  2  0.0000100974691793  0.0008994908579117  
386  1  0.0023228664040503  0.0004506125740205  
386  2  0.0000166554008942  0.0010471514686580  
386  3  0.0000274697769296  0.0007156945655489  
387  1  0.0012160469915425  0.0005763658410814  
387  2  0.0000115088685442  0.0000756439402231  
388  1  0.0017957131206010  0.0003493855475950  
388  2  0.0000142665956648  0.0002108527866770  
389  1  0.0026715029547808  0.0005179464935507  
389  2  0.0000288218627804  0.0002526494216021  
390  1  0.0021491190843581  0.0004565658660435  
390  2  0.0000109718591303  0.0001600740612805  
391  1  0.0017703248120915  0.0003619111776007  
391  2  0.0000120300239085  0.0001913046516961  
392  1  0.0018501300620449  0.0003393618188292  
392  2  0.0000078147479009  0.0002229349202838  
393  1  0.0016790775198067  0.0006163737349572  
393  2  0.0000100312871999  0.0001123301282817  
394  1  0.0020265919945012  0.0002595837453546  
394  2  0.0000074973631212  0.0000770474467205  
395  1  0.0023836283244201  0.0003357788196014  
395  2  0.0000092197108813  0.0001102136844050  
396  1  0.0018458690158071  0.0007815208905458  
396  2  0.0000125616098152  0.0001618448607321  
397  1  0.0014285682995231  0.0002435582907418  
397  2  0.0000059544110928  0.0000961312296892  
398  1  0.0017297636411946  0.0001803792649828  
398  2  0.0000031183361069  0.0001362875396770  
399  1  0.0018325630536273  0.0003091780828289  
399  2  0.0000045237614219  0.0001089242935860  
400  1  0.0017020864264774  0.0004147008558927  
400  2  0.0000113942008962  0.0001493395783923  