Timesteps  Total_Iterations  Iterations  Convergence  avgConvRate(0)  avgConvRate(1)  deleted_Columns  
1  5  5  1  0.0000000000000000  0.2407318172598388  0  
2  10  5  1  0.2195306308150729  0.1496570737334093  0  
3  14  4  1  0.1524900090133109  0.1612897210919889  0  
4  18  4  1  0.1403605575144650  0.3947044729960603  0  
5  22  4  1  0.1581564328795338  0.3804202658518833  0  
6  26  4  1  0.0897752852378915  0.2680537600346830  0  
7  30  4  1  0.1187645228388373  0.2148413726164450  0  
8  34  4  1  0.1454837338035455  0.2371411982451434  0  
9  38  4  1  0.1517469507346652  0.3032676955349352  0  
10  42  4  1  0.0988495562425468  0.2684731787045504  0  
11  46  4  1  0.0788477398234887  0.1764029980635165  0  
12  49  3  1  0.0705953959688619  0.3402772352628902  0  
13  53  4  1  0.0504415198104842  0.1868864602130335  0  
14  57  4  1  0.0621186180128556  0.2531886365194767  0  
15  60  3  1  0.0629623516262132  0.2795703456279435  0  
16  63  3  1  0.0471587238303375  0.3648884372029125  0  
17  66  3  1  0.0518096491592899  0.2010088698974537  0  
18  69  3  1  0.0715958236602286  0.2047830597209122  0  
19  72  3  1  0.0616246858559453  0.3303956415408362  0  
20  75  3  1  0.0601094901841858  0.1707686623280270  0  
21  78  3  1  0.0790755758272822  0.1849390066485372  0  
22  81  3  1  0.0811492682072285  0.1832061619331408  0  
23  84  3  1  0.0990536003272744  0.1548613038101939  0  
24  87  3  1  0.1283187796151048  0.2263284100715748  0  
25  90  3  1  0.0874829739937149  0.3035163919107888  0  
26  93  3  1  0.1495614745942361  0.3428652814483609  0  
27  96  3  1  0.0586295661315097  0.3663738420723130  0  
28  99  3  1  0.0692324766635973  0.3659066028393126  0  
29  102  3  1  0.0911803670654725  0.3627155859969134  0  
30  105  3  1  0.0719709257028482  0.2968715179875830  0  
31  108  3  1  0.0733779575269703  0.1746512501859802  0  
32  111  3  1  0.0820319315433402  0.3596224070715175  0  
33  114  3  1  0.1013657701513227  0.2517130999372071  0  
34  117  3  1  0.1031763554458041  0.3428465591673773  0  
35  120  3  1  0.0661602429147795  0.4288994915585836  0  
36  123  3  1  0.0752729770397162  0.2694577876225449  0  
37  126  3  1  0.0836961679240611  0.2057998356677448  0  
38  129  3  1  0.0516075049477753  0.1746511495891003  0  
39  132  3  1  0.0878623117108880  0.1890766313899233  0  
40  135  3  1  0.1039919781951671  0.1597658382822504  0  
41  138  3  1  0.0845975039834999  0.2992244451141962  0  
42  141  3  1  0.0833359867751689  0.2634753533950452  0  
43  144  3  1  0.0681528766035630  0.4533683478277837  0  
44  147  3  1  0.0950791010200639  0.3433493906404579  0  
45  150  3  1  0.0668200458948859  0.1784059161783272  0  
46  153  3  1  0.1028436484392233  0.1554675362844865  0  
47  156  3  1  0.1262557845631283  0.2102718365422959  0  
48  159  3  1  0.1327437342426772  0.1810296786437673  0  
49  162  3  1  0.1360489740642374  0.2027405138084888  0  
50  165  3  1  0.1117559570158401  0.2504500720022676  0  
51  168  3  1  0.0909409911678934  0.1624778364543542  0  
52  171  3  1  0.0835444777694138  0.2255353947763385  0  
53  174  3  1  0.1378227365538381  0.2774589945271521  0  
54  177  3  1  0.1001709210769900  0.2557803161291892  0  
55  180  3  1  0.0919234812859674  0.2373220230872205  0  
56  183  3  1  0.0794719888960483  0.2184205572962732  0  
57  186  3  1  0.0929260766086182  0.2103690835568833  0  
58  189  3  1  0.0884345309413437  0.2609211205226016  0  
59  191  2  1  0.0335213155741192  0.2863920606831132  0  
60  193  2  1  0.0538827987436440  0.2736011340412082  0  
61  196  3  1  0.0878462018226181  0.1977561284555985  0  
62  198  2  1  0.0669811787329135  0.3174540465490146  0  
63  201  3  1  0.1256647745614693  0.5149711600736446  0  
64  203  2  1  0.0381361063656266  0.4337014276646932  0  
65  206  3  1  0.1007229692362362  0.2221827318637336  0  
66  209  3  1  0.1001424492105785  0.2598818969148268  0  
67  212  3  1  0.1041629534708902  0.1897662852318947  0  
68  215  3  1  0.1226060039431898  0.2497341828373845  0  
69  218  3  1  0.1162870073516711  0.2864078703152237  0  
70  220  2  1  0.0455012037075450  0.3772793164912147  0  
71  223  3  1  0.1017061793981438  0.2347123593426964  0  
72  225  2  1  0.0365130013521630  0.3391536265420095  0  
73  228  3  1  0.1186294322374777  0.2493820235453316  0  
74  230  2  1  0.0366231229716036  0.4529430486530490  0  
75  232  2  1  0.0515205502178245  0.3189640541318854  0  
76  235  3  1  0.1008334839189449  0.2416782704797533  0  
77  238  3  1  0.0961040968236682  0.2964106315786156  0  
78  240  2  1  0.0511291583442902  0.3371199892983696  0  
79  243  3  1  0.0951559323812854  0.2669891541360602  0  
80  245  2  1  0.0593556303734298  0.4118350601534794  0  
81  247  2  1  0.0528875861049107  0.3517720170866592  0  
82  249  2  1  0.0418058894957600  0.3966401843861487  0  
83  252  3  1  0.1560476699312259  0.3050059911117153  0  
84  255  3  1  0.1118885193373391  0.3351182666049984  0  
85  257  2  1  0.0505433150294506  0.7092047580185188  0  
86  259  2  1  0.0664231472475092  0.4957280808205652  0  
87  261  2  1  0.0550409502933301  0.4121437117651982  0  
88  264  3  1  0.1337683484187355  0.2808744425865939  0  
89  267  3  1  0.1121620491699456  0.2599206017738806  0  
90  270  3  1  0.1147873987271198  0.3802143197939412  0  
91  273  3  1  0.1088618881244415  0.6184570061980400  0  
92  276  3  1  0.0935463258208667  0.2538357302206238  0  
93  279  3  1  0.0820997451331689  0.4383983193806173  0  
94  281  2  1  0.0527788064809969  0.4219970760406584  0  
95  283  2  1  0.0529425474154260  0.3400564635578986  0  
96  286  3  1  0.1398909026649283  0.2935817225945752  0  
97  288  2  1  0.0560789581032569  0.3172490140856570  0  
98  291  3  1  0.0892538667095542  0.2757983689318679  0  
99  294  3  1  0.0852866660705984  0.4625373613778852  0  
100  297  3  1  0.1071632241269446  0.3680136265819127  0  
101  299  2  1  0.0259897960521494  0.5022846762611932  0  
102  301  2  1  0.0445472998839873  0.4358691653494537  0  
103  303  2  1  0.0601276849051465  0.3533030155804760  0  
104  306  3  1  0.1547639396150140  0.3183002754251847  0  
105  308  2  1  0.0535913126209021  0.4928814637094863  0  
106  310  2  1  0.0365840748672747  0.4284975496339626  0  
107  312  2  1  0.0596553137061175  0.4293164042002262  0  
108  314  2  1  0.0525283417185039  0.4729088903186132  0  
109  316  2  1  0.0494625223866665  0.4938246327113026  0  
110  318  2  1  0.0475408395487518  0.4177792559639965  0  
111  320  2  1  0.0606914741246749  0.3711537780951250  0  
112  322  2  1  0.0668757339682215  0.4242397233430614  0  
113  324  2  1  0.0534232620700892  0.6154618792155566  0  
114  326  2  1  0.0663191131333606  0.4314215378540089  0  
115  328  2  1  0.0640151972125292  0.3926663325075930  0  
116  330  2  1  0.0747853494753032  0.5121275183883061  0  
117  333  3  1  0.1464933759326881  0.4336196759300271  0  
118  336  3  1  0.1284884045053484  0.5935605664932727  0  
119  338  2  1  0.0653705263509192  0.4575879767524771  0  
120  341  3  1  0.1221507937312837  0.4000639352553322  0  
121  344  3  1  0.1155324392568718  0.5674109239164447  0  
122  346  2  1  0.0427026008412038  0.5151056250980710  0  
123  348  2  1  0.0438465879605007  0.4183203087556973  0  
124  350  2  1  0.0856359430099226  0.4904538852792032  0  
125  352  2  1  0.0470722089471392  0.4439908383901660  0  
126  355  3  1  0.0984024993075880  0.4533185119597868  0  
127  358  3  1  0.1249893849901604  0.4298736197306079  0  
128  360  2  1  0.0587578745303210  0.4252891142458453  0  
129  362  2  1  0.0433160742154176  0.5644497949546291  0  
130  364  2  1  0.0494941696157871  0.4932451562651343  0  
131  367  3  1  0.1119494526788958  0.1739750273036870  0  
132  369  2  1  0.0503039071386541  0.2758685313728790  0  
133  372  3  1  0.1342804964491041  0.3779139554099096  0  
134  374  2  1  0.0363408751893384  0.6071147052810011  0  
135  377  3  1  0.1109413083776480  0.7874994009933777  0  
136  379  2  1  0.0402437614754815  0.6342721358414979  0  
137  381  2  1  0.0351860675479966  0.6073654527708200  0  
138  383  2  1  0.0760942322108867  0.4613339710985858  0  
139  385  2  1  0.0649308769385400  0.4059457100508058  0  
140  387  2  1  0.0625079269104236  0.3500187251092154  0  
141  389  2  1  0.0572263426685649  0.4479455576471317  0  
142  391  2  1  0.0283503121169464  0.6603267369946524  0  
143  393  2  1  0.0742414034848232  0.3658284649691457  0  
144  395  2  1  0.0389979295206714  0.9682411278118542  0  
145  398  3  1  0.1002460501774970  0.5173630498248586  0  
146  400  2  1  0.0928744740099459  0.4725111798998695  0  
147  402  2  1  0.0395102887194044  0.3743392861778613  0  
148  404  2  1  0.0650240978215470  0.4041119272254040  0  
149  406  2  1  0.0516002454874011  0.7231348826096666  0  
150  408  2  1  0.0572756380068205  0.5337674390017031  0  
151  410  2  1  0.0846834562000831  0.5241493290563594  0  
152  412  2  1  0.0466980793530659  0.6356073939132243  0  
153  415  3  1  0.1028936729835660  0.4863146659270034  0  
154  418  3  1  0.1617695487631843  0.6728541243144649  0  
155  420  2  1  0.0401625218808574  0.6989943517424242  0  
156  422  2  1  0.0629490908543013  0.6121913274638964  0  
157  425  3  1  0.1861362140627134  0.8211162645117739  0  
158  428  3  1  0.1080611602031660  0.4591917362818404  0  
159  430  2  1  0.0484865061105706  0.5435576970383952  0  
160  432  2  1  0.0694842144554195  0.6012198835099712  0  
161  434  2  1  0.0433058540563596  0.6250930187097588  0  
162  437  3  1  0.1358198535487683  0.4194219355409229  0  
163  439  2  1  0.0405640612662212  0.6793711939746895  0  
164  441  2  1  0.0382968018901131  0.6845249747590596  0  
165  444  3  1  0.1247967306201429  0.6722448057125234  0  
166  446  2  1  0.0444838423667358  0.6790620168815278  0  
167  448  2  1  0.0647075245472753  0.3716008036271723  0  
168  450  2  1  0.0812402308963252  0.4988384902442119  0  
169  452  2  1  0.0545380271986799  0.6537653184920293  0  
170  454  2  1  0.0556142399460690  0.7755008731719241  0  
171  457  3  1  0.1719077396930634  0.6948027775955690  0  
172  459  2  1  0.0516659096098041  0.5068019464247320  0  
173  461  2  1  0.0740937854566616  0.7261123904450929  0  
174  463  2  1  0.0593351522793293  0.5227855440198416  0  
175  465  2  1  0.0711854782373099  0.4411389153743159  0  
176  467  2  1  0.1029895806424903  0.3360157255267009  0  
177  469  2  1  0.0485274922532042  0.8506863509244581  0  
178  471  2  1  0.0575567987053262  0.7179589422071629  0  
179  473  2  1  0.0575483656217580  0.8535299584018974  0  
180  476  3  1  0.1483247143619674  0.7284253242861176  0  
181  478  2  1  0.0630710700091617  0.8073392526229854  0  
182  480  2  1  0.0575207519658275  0.6685625487395290  0  
183  482  2  1  0.0620661732586480  0.6038978735547511  0  
184  485  3  1  0.2177359859930543  0.5152404352973945  0  
185  488  3  1  0.1282928758049590  1.4007445935199636  0  
186  490  2  1  0.0409353003783671  0.7981150699942428  0  
187  492  2  1  0.0998166176793252  0.6715424520890659  0  
188  494  2  1  0.0724208694173265  0.8092243745104258  0  
189  496  2  1  0.0622914685808644  0.8927267018118739  0  
190  499  3  1  0.1249385016839267  0.4893273923286189  0  
191  502  3  1  0.1334776483056239  0.5476630746830291  0  
192  504  2  1  0.0558549861460794  0.6116610282560375  0  
193  506  2  1  0.0516940904229081  0.6079162008853131  0  
194  508  2  1  0.0538673123728930  0.6897812618389316  0  
195  510  2  1  0.0750245590345794  0.4283426473371236  0  
196  512  2  1  0.0493951102529298  0.5617398683397959  0  
197  514  2  1  0.0411664114306968  1.0041654192578748  0  
198  516  2  1  0.0908951846570358  0.5779744763044572  0  
199  518  2  1  0.0668910923167681  0.6579624201632386  0  
200  520  2  1  0.0614657243309826  1.0294192845335901  0  
201  522  2  1  0.0827466774365213  0.7295915578129849  0  
202  524  2  1  0.0663604781576246  0.5969087134489991  0  
203  526  2  1  0.0723968921148800  0.6174234471340676  0  
204  529  3  1  0.1783646751877255  0.8385861209076618  0  
205  531  2  1  0.0593463573247803  0.9350585123501310  0  
206  533  2  1  0.0997891360626091  0.6947163279021861  0  
207  535  2  1  0.0739267687465067  0.5040644277159887  0  
208  537  2  1  0.0547416986377343  1.3356261856264555  0  
209  539  2  1  0.0841745569844390  0.5812368375557313  0  
210  541  2  1  0.0697476071258285  0.7440575444269582  0  
211  543  2  1  0.0634818107667129  0.6503425038575293  0  
212  545  2  1  0.0571273061833020  0.9313497313144656  0  
213  548  3  1  0.1412320350019543  0.8170384987935921  0  
214  550  2  1  0.0867855791424934  0.7218153963053209  0  
215  552  2  1  0.0818157221413355  0.6145672675101169  0  
216  554  2  1  0.0574619546295246  0.7071904858790713  0  
217  556  2  1  0.0896041486759360  0.8137796602209052  0  
218  558  2  1  0.0657191629451434  0.8829341077233325  0  
219  560  2  1  0.0690948558930045  1.1496360161169303  0  
220  562  2  1  0.0849838055731916  0.7407017475077777  0  
221  564  2  1  0.0494147707792537  1.1017288883182057  0  
222  566  2  1  0.0582290573263471  0.8804419880173637  0  
223  568  2  1  0.0911170589210369  0.7325845916745602  0  
224  571  3  1  0.1764344408573897  0.9479426588905305  0  
225  573  2  1  0.0636323197874806  0.8728411871456117  0  
226  575  2  1  0.0665605502753902  0.9580277337718710  0  
227  577  2  1  0.0848790354298114  0.6235048388349888  0  
228  579  2  1  0.1066700441626751  0.5558227759948352  0  
229  581  2  1  0.0608919550709469  0.6984694572298209  0  
230  583  2  1  0.0765832112836551  0.5720381082639296  0  
231  585  2  1  0.0760104548740543  0.7231071216494683  0  
232  587  2  1  0.0654322897731673  1.0270257077485030  0  
233  590  3  1  0.1874615149851153  0.9830682168935118  0  
234  592  2  1  0.0834455800843824  0.4480698741016700  0  
235  594  2  1  0.0708807630744724  0.7514739984614972  0  
236  596  2  1  0.0620001445866154  0.7499026047669103  0  
237  598  2  1  0.1020252272982946  0.8179203008157214  0  
238  600  2  1  0.0794770536376353  0.9021828233678478  0  
239  602  2  1  0.0773773468012238  0.5140137773118656  0  
240  604  2  1  0.0551501285724701  1.0655617143436484  0  
241  606  2  1  0.0831464287525792  0.8562923375124429  0  
242  608  2  1  0.0762318069194172  0.6370982584689187  0  
243  610  2  1  0.0768367560641047  0.8284699422316216  0  
244  612  2  1  0.0502364145101998  1.1257856777912227  0  
245  614  2  1  0.0576180308742741  0.9434521738603948  0  
246  616  2  1  0.0713185974103550  0.7727322764161300  0  
247  618  2  1  0.0842106469475885  1.1073502074385815  0  
248  620  2  1  0.1167794150997706  1.0928898939874683  0  
249  622  2  1  0.0863807720467765  0.5388637822556460  0  
250  624  2  1  0.0686895112739513  0.9440752715815884  0  
251  626  2  1  0.0494155974697283  1.1864620764151368  0  
252  628  2  1  0.0916373002705527  0.9376963230812809  0  
253  630  2  1  0.1046190134814650  1.1718949798717424  0  
254  633  3  1  0.1725736062063396  1.2663638125932175  0  
255  635  2  1  0.0814763562352868  0.8410076361074272  0  
256  637  2  1  0.0714404225270279  0.9756056268590436  0  
257  639  2  1  0.0806438343968954  1.1022121785880796  0  
258  641  2  1  0.0679113975155951  0.7940189018148827  0  
259  643  2  1  0.0773519782793537  0.9154847228786853  0  
260  646  3  1  0.1985852925549731  1.0689408224188639  0  
261  649  3  1  0.1886061604872984  1.1543441569184949  0  
262  651  2  1  0.0924811558516757  0.4256558946440167  0  
263  653  2  1  0.0709045107281568  0.5996480236408378  0  
264  655  2  1  0.0740971388312116  1.0941166920946697  0  
265  657  2  1  0.0797415258191156  0.5960135748863381  0  
266  659  2  1  0.0817726655681767  0.7508569142014129  0  
267  661  2  1  0.0661070299257069  0.4789245903281558  0  
268  663  2  1  0.0579007304005329  0.8425502773256632  0  
269  665  2  1  0.0848371709956308  0.6694425487577615  0  
270  667  2  1  0.0726728795436016  0.6294950391148973  0  
271  669  2  1  0.0603666270180124  1.0387937968641512  0  
272  671  2  1  0.1016271531794950  1.0740727167532065  0  
273  673  2  1  0.0610272362102594  1.3879206366218273  0  
274  675  2  1  0.0604889806917124  0.5096576199030588  0  
275  677  2  1  0.0777840207854073  0.9680350607945002  0  
276  679  2  1  0.0738181258353613  1.3196341667465648  0  
277  681  2  1  0.0733307143474476  0.7047918838069661  0  
278  683  2  1  0.0759774424717964  0.6171854133032371  0  
279  685  2  1  0.0892845973084545  0.5289568374563802  0  
280  687  2  1  0.1062001082895261  1.0906479010913124  0  
281  689  2  1  0.1024608115810561  0.9072409410503894  0  
282  691  2  1  0.0674669364750611  0.7328659841772593  0  
283  693  2  1  0.0553350380230956  1.0286735296817637  0  
284  695  2  1  0.0734663871170925  0.6931634708938517  0  
285  697  2  1  0.0774606705618558  0.8409713314680698  0  
286  699  2  1  0.0594699345423443  1.4644866610755831  0  
287  701  2  1  0.0630905720330952  1.0077144923637456  0  
288  703  2  1  0.0727668220028669  0.6448666906206123  0  
289  705  2  1  0.0849798283067940  0.8330184129672710  0  
290  707  2  1  0.0766842188196961  0.7071387648232648  0  
291  709  2  1  0.0849276816379133  1.1963560954716097  0  
292  711  2  1  0.1213557254719337  0.3636187211910354  0  
293  713  2  1  0.1192464144555995  0.8437503681491525  0  
294  715  2  1  0.1137132932159197  0.8823802405392008  0  
295  717  2  1  0.1041740572025677  0.4880774945047791  0  
296  719  2  1  0.0944156538062410  1.2269644298334585  0  
297  721  2  1  0.0938222650689686  1.0353294891559126  0  
298  723  2  1  0.0743310614800233  1.4245949451362299  0  
299  725  2  1  0.1402735838233141  0.5098107983291578  0  
300  727  2  1  0.0546567781935559  1.4890597152326357  0  
301  730  3  1  0.1661203664192591  1.5029183516932589  0  
302  732  2  1  0.1120315846594937  0.6975358349918128  0  
303  734  2  1  0.0713795338334291  1.1293605378712299  0  
304  736  2  1  0.0769216571432533  1.0287217164688816  0  
305  738  2  1  0.0800701773539435  1.0055287649028464  0  
306  740  2  1  0.0785212089384637  0.9791146489775963  0  
307  742  2  1  0.0967142603886265  1.3361694837605043  0  
308  744  2  1  0.0687060688889784  0.7799191245300438  0  
309  746  2  1  0.0706793254522183  1.0154081208020338  0  
310  750  4  1  0.2896189194430681  1.1216163177297518  0  
311  752  2  1  0.1193133574466769  0.5108128857040910  0  
312  754  2  1  0.1301010385313333  0.8450202738191058  0  
313  756  2  1  0.1027284371083266  0.9829975645265439  0  
314  758  2  1  0.0715158041799090  0.4093549111258596  0  
315  760  2  1  0.0559356718926449  1.1591492813866688  0  
316  763  3  1  0.1730924292388022  1.6699654488397604  0  
317  765  2  1  0.0793602535312832  0.5829485107723084  0  
318  767  2  1  0.1148711342907609  0.3574746826488671  0  
319  769  2  1  0.0550201604295023  0.7518072381716016  0  
320  771  2  1  0.0498030975097067  1.7962555347518245  0  
321  773  2  1  0.0896610260260482  0.3544511391337062  0  
322  775  2  1  0.1172781982846983  0.8021381284353902  0  
323  777  2  1  0.0730367763055349  0.7153074101418709  0  
324  779  2  1  0.0843672889887661  0.6389108172387711  0  
325  781  2  1  0.0721336349095743  1.1899893700382476  0  
326  783  2  1  0.0992511820472982  0.8105842844606304  0  
327  785  2  1  0.1044777227363870  0.6054947743835309  0  
328  787  2  1  0.0694706189842933  1.0574121444183482  0  
329  789  2  1  0.0491617841699892  0.8457406081525785  0  
330  791  2  1  0.0634355854860895  0.8476646397483212  0  
331  793  2  1  0.0784712074204321  0.6775568551307110  0  
332  795  2  1  0.0621815817619677  0.7503545006796710  0  
333  797  2  1  0.0695214059796042  0.6984195101934056  0  
334  799  2  1  0.0813325692404624  0.5500669160922371  0  
335  801  2  1  0.0671652272438017  0.9361849126022775  0  
336  803  2  1  0.0850979394771184  0.8788024350769146  0  
337  805  2  1  0.0622270520060745  0.8303307657738335  0  
338  807  2  1  0.0559294090395536  1.7260963898128825  0  
339  809  2  1  0.0839215498284648  0.7983003514616698  0  
340  811  2  1  0.0828811054029478  0.8332561586352637  0  
341  813  2  1  0.0562802819567226  0.9117963116619084  0  
342  815  2  1  0.0433528401680061  0.9241875693944026  0  
343  817  2  1  0.0667975711023200  0.7323426833100537  0  
344  819  2  1  0.0591059668111987  0.4992801917889536  0  
345  821  2  1  0.0568944668159055  1.0205568196555583  0  
346  823  2  1  0.0730033354710526  0.9955327128671716  0  
347  825  2  1  0.0469031583830496  1.2473473715154746  0  
348  827  2  1  0.0777160068003901  0.6326716185387751  0  
349  829  2  1  0.0772372018865698  0.8899477902926897  0  
350  831  2  1  0.0734672305107288  1.0324257981592200  0  
351  833  2  1  0.0970497752457180  1.0948423828316236  0  
352  835  2  1  0.0762361564755907  0.8215615627710821  0  
353  837  2  1  0.0664805847607171  0.8920880108855059  0  
354  839  2  1  0.0817581183983354  1.5387655438791126  0  
355  841  2  1  0.0797297811054211  0.8809516503569980  0  
356  843  2  1  0.0684401846596511  0.9312680157601227  0  
357  845  2  1  0.0666772415510366  0.5891687706863630  0  
358  847  2  1  0.0683308771431158  1.2067589417475961  0  
359  849  2  1  0.1072103956655599  1.0259183983659441  0  
360  851  2  1  0.0943295776926319  1.2089832167242520  0  
361  853  2  1  0.0722188072852061  0.9549709077937094  0  
362  855  2  1  0.0755417806064701  0.7697807646948716  0  
363  857  2  1  0.0698197222530375  1.3282826117261306  0  
364  859  2  1  0.0825176562594037  0.4967839921099873  0  
365  861  2  1  0.1002914350806777  0.9542577231677020  0  
366  863  2  1  0.0601819765304749  1.6681695172235400  0  
367  865  2  1  0.0853376410601717  1.6254357020650712  0  
368  867  2  1  0.1101261025863709  0.9313942358571189  0  
369  869  2  1  0.0966880268828172  0.8540024410068003  0  
370  872  3  1  0.1953825878484156  1.4845976310409890  0  
371  874  2  1  0.0932459537404461  0.5617585827253705  0  
372  876  2  1  0.0750003695798729  1.4616744053986725  0  
373  878  2  1  0.1043867268505017  0.8573290537394707  0  
374  880  2  1  0.0902847116850380  1.7341411347088056  0  
375  882  2  1  0.0826788296294441  0.9638084211591548  0  
376  884  2  1  0.0946489277007421  1.0491789496417394  0  
377  886  2  1  0.0659950901170016  1.0623344690953871  0  
378  888  2  1  0.0884809319809085  0.7115585603291100  0  
379  891  3  1  0.1644409123303286  1.5488248341931972  0  
380  893  2  1  0.0542949589081537  0.9901056739986971  0  
381  895  2  1  0.0618780071866208  0.8536722168399660  0  
382  897  2  1  0.0944467827519864  1.7049408626056148  0  
383  899  2  1  0.0990840366597166  1.0476815851764263  0  
384  901  2  1  0.0528037945625253  0.8735089858769739  0  
385  903  2  1  0.0651240376883506  1.6222080179640535  0  
386  906  3  1  0.2278296799034578  1.1667419266256680  0  
387  908  2  1  0.0972839365785345  0.3622746573747782  0  
388  910  2  1  0.0891336515134540  0.7768500613863961  0  
389  912  2  1  0.1038683406651477  0.6984200613753652  0  
390  914  2  1  0.0714512566106383  0.5921186797265849  0  
391  916  2  1  0.0824340746285635  0.7270457949215241  0  
392  918  2  1  0.0649914694317932  0.8105084765772530  0  
393  920  2  1  0.0772934973828051  0.4268999120470877  0  
394  922  2  1  0.0608234585530367  0.5448041140405911  0  
395  924  2  1  0.0621926958452085  0.5729162115345524  0  
396  926  2  1  0.0824939710067431  0.4550710005095278  0  
397  928  2  1  0.0645607999830744  0.6282475304007173  0  
398  930  2  1  0.0424588355787089  0.8692301250196798  0  
399  932  2  1  0.0496844381571103  0.5935509796250235  0  
400  934  2  1  0.0818184281880072  0.6000949811754819  0  